0.0 0.0 0.0
0.0 0.1 0.0
0.0 0.2 0.0
0.0 0.3 0.0
0.0 0.4 0.0
0.0 0.5 0.0
0.0 0.6 0.0
0.0 0.7 0.0
0.0 0.8 0.0
0.0 0.9 0.0

0.1 0.0 0.0
0.1 0.1 1.0
0.1 0.2 2.0
0.1 0.3 3.0
0.1 0.4 4.0
0.1 0.5 5.0
0.1 0.6 6.0
0.1 0.7 7.0
0.1 0.8 8.0
0.1 0.9 9.0

0.2 0.0 0.0
0.2 0.1 2.0
0.2 0.2 4.0
0.2 0.3 6.0
0.2 0.4 8.0
0.2 0.5 10.0
0.2 0.6 12.0
0.2 0.7 14.0
0.2 0.8 16.0
0.2 0.9 18.0

0.3 0.0 0.0
0.3 0.1 3.0
0.3 0.2 6.0
0.3 0.3 9.0
0.3 0.4 12.0
0.3 0.5 15.0
0.3 0.6 18.0
0.3 0.7 21.0
0.3 0.8 24.0
0.3 0.9 27.0

0.4 0.0 0.0
0.4 0.1 4.0
0.4 0.2 8.0
0.4 0.3 12.0
0.4 0.4 16.0
0.4 0.5 20.0
0.4 0.6 24.0
0.4 0.7 28.0
0.4 0.8 32.0
0.4 0.9 36.0

0.5 0.0 0.0
0.5 0.1 5.0
0.5 0.2 10.0
0.5 0.3 15.0
0.5 0.4 20.0
0.5 0.5 25.0
0.5 0.6 30.0
0.5 0.7 35.0
0.5 0.8 40.0
0.5 0.9 45.0

0.6 0.0 0.0
0.6 0.1 6.0
0.6 0.2 12.0
0.6 0.3 18.0
0.6 0.4 24.0
0.6 0.5 30.0
0.6 0.6 36.0
0.6 0.7 42.0
0.6 0.8 48.0
0.6 0.9 54.0

0.7 0.0 0.0
0.7 0.1 7.0
0.7 0.2 14.0
0.7 0.3 21.0
0.7 0.4 28.0
0.7 0.5 35.0
0.7 0.6 42.0
0.7 0.7 49.0
0.7 0.8 56.0
0.7 0.9 63.0

0.8 0.0 0.0
0.8 0.1 8.0
0.8 0.2 16.0
0.8 0.3 24.0
0.8 0.4 32.0
0.8 0.5 40.0
0.8 0.6 48.0
0.8 0.7 56.0
0.8 0.8 64.0
0.8 0.9 72.0

0.9 0.0 0.0
0.9 0.1 9.0
0.9 0.2 18.0
0.9 0.3 27.0
0.9 0.4 36.0
0.9 0.5 45.0
0.9 0.6 54.0
0.9 0.7 63.0
0.9 0.8 72.0
0.9 0.9 81.0

